Facility ID,H_RECMND_DN,H_RECMND_DY,H_RECMND_PY,H_COMP_1_STAR_RATING
10001,5,74,21,4
10005,6,63,31,3
10006,13,56,31,2
10007,2,70,28,4
10008,2,75,23,Not Available
10011,7,68,25,3
10012,7,60,33,2
10016,8,61,31,3
10018,1,93,6,Not Available
10019,3,76,21,4
10021,4,72,24,4
10022,2,76,22,Not Available
10023,6,68,26,3
10024,7,69,24,3
10029,3,74,23,4
10033,3,80,17,5
10034,9,69,22,Not Available
10035,8,56,36,2
10036,6,56,38,2
10039,4,74,22,4
10040,9,54,37,2
10044,3,80,17,Not Available
10045,1,83,16,5
10046,6,69,25,3
10049,5,62,33,3
10051,Not Available,Not Available,Not Available,Not Available
10052,3,71,26,4
10055,5,73,22,4
10056,4,75,21,4
10058,1,85,14,Not Available
10059,16,47,37,Not Available
10061,7,59,34,2
10062,3,73,24,Not Available
10065,6,64,30,3
10069,10,62,28,3
10073,6,69,25,Not Available
10078,12,53,35,2
10079,4,74,22,4
10083,4,71,25,4
10085,7,58,35,2
10086,3,78,19,4
10087,7,70,23,4
10089,10,53,37,2
10090,8,65,27,3
10091,3,76,21,Not Available
10092,8,59,33,2
10095,3,71,26,Not Available
10097,4,71,25,4
10099,6,64,30,3
10100,5,73,22,4
10101,10,58,32,2
10102,Not Available,Not Available,Not Available,Not Available
10103,7,64,29,3
10104,5,76,19,4
10108,4,77,19,4
10110,25,40,35,Not Available
10112,10,64,26,2
10113,8,67,25,3
10114,10,55,35,2
10118,15,43,42,1
10120,1,66,33,4
10125,2,74,24,5
10126,6,67,27,3
10128,5,71,24,Not Available
10129,5,75,20,4
10130,2,80,18,5
10131,10,64,26,2
10138,Not Available,Not Available,Not Available,Not Available
10139,15,56,29,1
10144,6,74,20,4
10148,5,67,28,4
10149,3,77,20,5
10150,10,61,29,Not Available
10157,2,48,50,Not Available
10158,10,58,32,2
10164,7,65,28,3
10168,2,88,10,5
10169,12,59,29,2
10173,2,89,9,5
10174,5,59,36,Not Available
10175,2,64,34,Not Available
11300,1,81,18,Not Available
11302,0,89,11,Not Available
11304,0,88,12,Not Available
11305,Not Available,Not Available,Not Available,Not Available
11306,5,77,18,Not Available
13300,Not Available,Not Available,Not Available,Not Available
13301,Not Available,Not Available,Not Available,Not Available
20001,3,76,21,4
20006,4,67,29,4
20008,2,65,33,3
20012,4,70,26,4
20017,8,64,28,3
20018,7,53,40,2
20024,2,77,21,4
20026,5,63,32,3
21301,Not Available,Not Available,Not Available,Not Available
21302,Not Available,Not Available,Not Available,Not Available
21304,Not Available,Not Available,Not Available,Not Available
21305,Not Available,Not Available,Not Available,Not Available
21306,2,74,24,Not Available
21307,Not Available,Not Available,Not Available,Not Available
21308,Not Available,Not Available,Not Available,Not Available
21309,Not Available,Not Available,Not Available,Not Available
21310,Not Available,Not Available,Not Available,Not Available
21311,4,65,31,Not Available
21312,Not Available,Not Available,Not Available,Not Available
21313,3,79,18,Not Available
21314,Not Available,Not Available,Not Available,Not Available
30002,7,67,26,3
30006,6,69,25,3
30007,8,58,34,2
30010,13,54,33,2
30011,17,45,38,1
30012,8,64,28,3
30013,8,60,32,2
30014,8,71,21,3
30016,9,55,36,2
30022,11,58,31,2
30023,6,70,24,3
30024,5,77,18,4
30030,21,47,32,1
30036,4,74,22,4
30037,14,53,33,1
30038,6,78,16,4
30043,10,60,30,2
30055,8,59,33,2
30061,9,63,28,3
30062,8,61,31,3
30064,7,68,25,3
30065,10,60,30,2
30069,12,50,38,1
30071,4,56,40,3
30073,4,58,38,3
30074,Not Available,Not Available,Not Available,Not Available
30078,3,62,35,3
30083,19,52,29,1
30084,8,39,53,Not Available
30085,14,52,34,1
30087,5,76,19,4
30088,10,62,28,2
30089,8,65,27,3
30092,7,71,22,3
30093,9,63,28,3
30094,16,58,26,1
30101,13,52,35,1
30103,1,93,6,5
30105,4,73,23,4
30107,4,84,12,5
30108,6,78,16,4
30110,18,46,36,1
30111,11,58,31,2
30112,3,91,6,5
30113,4,61,35,3
30114,8,66,26,3
30115,5,69,26,4
30117,5,69,26,3
30119,3,75,22,4
30121,14,55,31,2
30122,6,71,23,4
30123,3,87,10,5
30130,5,71,24,4
30131,4,86,10,5
30134,6,78,16,4
30136,0,78,22,Not Available
30138,2,91,7,Not Available
30139,8,79,13,4
30146,3,85,12,5
30147,8,70,22,3
30148,9,69,22,3
30152,Not Available,Not Available,Not Available,Not Available
30153,Not Available,Not Available,Not Available,Not Available
30154,Not Available,Not Available,Not Available,Not Available
31300,8,65,27,Not Available
31301,3,85,12,Not Available
31302,Not Available,Not Available,Not Available,Not Available
31304,1,65,34,Not Available
31305,Not Available,Not Available,Not Available,Not Available
31307,Not Available,Not Available,Not Available,Not Available
31308,Not Available,Not Available,Not Available,Not Available
31309,Not Available,Not Available,Not Available,Not Available
31311,12,66,22,3
31312,1,92,7,Not Available
31313,11,60,29,Not Available
31314,6,65,29,3
31315,3,75,22,Not Available
31317,6,68,26,3
31318,3,68,29,4
31319,3,70,27,4
31320,Not Available,Not Available,Not Available,Not Available
33302,Not Available,Not Available,Not Available,Not Available
40001,8,60,32,2
40002,7,67,26,3
40004,4,70,26,4
40007,10,61,29,2
40010,3,77,20,4
40011,6,71,23,4
40014,11,60,29,2
40015,8,53,39,Not Available
40016,4,75,21,4
40017,7,60,33,2
40018,Not Available,Not Available,Not Available,Not Available
40019,10,62,28,2
40020,6,70,24,4
40022,7,67,26,3
40026,7,70,23,3
40027,4,74,22,4
40029,5,74,21,4
40036,11,59,30,2
40039,10,56,34,2
40041,7,56,37,2
40050,9,65,26,2
40051,2,70,28,4
40055,8,59,33,2
40062,5,67,28,3
40067,4,59,37,3
40069,15,44,41,1
40071,7,61,32,3
40072,0,71,29,Not Available
40076,7,70,23,Not Available
40078,12,61,27,2
40084,11,56,33,2
40088,Not Available,Not Available,Not Available,Not Available
40114,7,69,24,3
40118,4,78,18,4
40119,7,62,31,3
40132,Not Available,Not Available,Not Available,Not Available
40134,1,90,9,5
40137,8,69,23,3
40147,3,89,8,5
40153,10,59,31,Not Available
40154,6,75,19,4
40156,0,84,16,Not Available
40161,2,88,10,5
40164,Not Available,Not Available,Not Available,Not Available
41300,2,78,20,Not Available
41302,3,74,23,Not Available
41303,8,61,31,Not Available
41305,6,70,24,Not Available
41306,0,84,16,Not Available
41307,1,75,24,Not Available
41308,Not Available,Not Available,Not Available,Not Available
41309,Not Available,Not Available,Not Available,Not Available
41310,4,70,26,Not Available
41311,1,80,19,5
41312,4,73,23,Not Available
41313,3,82,15,Not Available
41314,Not Available,Not Available,Not Available,Not Available
41316,Not Available,Not Available,Not Available,Not Available
41317,Not Available,Not Available,Not Available,Not Available
41318,6,64,30,Not Available
41320,Not Available,Not Available,Not Available,Not Available
41321,9,60,31,Not Available
41322,16,64,20,Not Available
41323,2,70,28,Not Available
41324,3,80,17,Not Available
41326,3,60,37,Not Available
41327,5,59,36,Not Available
41328,3,81,16,Not Available
41329,3,71,26,Not Available
41330,4,74,22,4
41331,3,56,41,Not Available
41332,8,63,29,3
43300,Not Available,Not Available,Not Available,Not Available
43301,Not Available,Not Available,Not Available,Not Available
50002,9,59,32,2
50006,7,58,35,2
50007,3,79,18,5
50008,6,68,26,3
50009,4,72,24,4
50013,3,77,20,4
50014,2,71,27,4
50017,5,75,20,4
50022,8,60,32,2
50024,15,52,33,1
50025,6,78,16,4
50026,8,69,23,3
50028,4,63,33,3
50030,20,37,43,1
50036,7,67,26,3
50038,7,65,28,3
50039,5,73,22,4
50040,7,69,24,3
50042,4,65,31,3
50043,4,72,24,4
50045,12,59,29,2
50047,4,80,16,4
50054,6,66,28,3
50055,5,72,23,4
50056,14,49,37,1
50057,7,65,28,3
50058,7,68,25,3
50060,9,65,26,3
50063,12,53,35,2
50067,15,61,24,Not Available
50069,6,77,17,4
50070,5,70,25,4
50071,7,71,22,3
50072,7,65,28,3
50073,3,72,25,4
50075,5,68,27,3
50076,6,68,26,3
50077,8,66,26,3
50078,7,70,23,3
50082,8,63,29,3
50084,6,67,27,3
50089,10,64,26,3
50090,6,67,27,3
50091,19,50,31,1
50093,9,62,29,3
50099,8,66,26,3
50100,4,78,18,4
50101,4,66,30,3
50102,10,59,31,2
50103,10,60,30,2
50104,11,59,30,2
50107,6,65,29,3
50108,4,76,20,4
50110,12,51,37,1
50112,5,76,19,4
50113,6,68,26,3
50115,7,67,26,3
50116,7,70,23,3
50118,11,60,29,2
50121,8,58,34,2
50122,10,59,31,2
50124,8,67,25,3
50125,10,60,30,2
50126,7,65,28,3
50127,5,69,26,3
50128,15,51,34,1
50129,8,69,23,3
50131,3,81,16,5
50132,8,66,26,3
50133,12,52,36,1
50135,27,40,33,1
50136,5,61,34,3
50137,4,72,24,4
50138,5,72,23,4
50139,6,73,21,4
50140,4,77,19,4
50145,3,81,16,5
50149,11,58,31,2
50150,9,60,31,2
50152,9,65,26,3
50158,19,50,31,1
50159,11,64,25,2
50167,10,56,34,2
50168,4,77,19,4
50169,3,76,21,4
50174,9,62,29,3
50179,13,57,30,2
50180,4,77,19,4
50191,8,64,28,3
50192,8,58,34,2
50194,8,60,32,2
50195,6,73,21,4
50197,5,81,14,4
50204,7,72,21,3
50211,7,61,32,3
50222,6,74,20,4
50224,4,84,12,5
50226,10,55,35,2
50228,5,72,23,4
50230,14,48,38,1
50231,7,68,25,3
50232,4,75,21,4
50234,5,81,14,4
50235,10,73,17,3
50236,7,66,27,3
50238,8,61,31,2
50239,8,65,27,3
50242,5,67,28,3
50243,10,61,29,2
50245,10,61,29,2
50248,7,68,25,3
50254,4,71,25,4
50257,21,54,25,Not Available
50261,10,56,34,2
50262,4,79,17,4
50272,4,75,21,4
50276,5,73,22,4
50278,6,75,19,4
50279,16,49,35,1
50280,5,71,24,4
50281,10,66,24,3
50283,5,76,19,4
50289,12,51,37,1
50290,5,75,20,4
50291,3,80,17,5
50292,10,63,27,2
50295,7,67,26,3
50298,8,59,33,2
50300,16,52,32,1
50301,9,56,35,2
50305,9,58,33,2
50308,4,78,18,4
50309,5,77,18,4
50313,6,62,32,3
50315,13,57,30,2
50320,8,65,27,3
50324,4,82,14,5
50327,4,79,17,5
50329,12,57,31,2
50334,4,75,21,4
50335,4,64,32,3
50336,7,65,28,3
50342,9,57,34,2
50348,4,77,19,4
50350,Not Available,Not Available,Not Available,Not Available
50351,3,82,15,5
50352,6,72,22,4
50353,8,72,20,3
50357,2,87,11,5
50360,5,71,24,4
50367,6,64,30,3
50373,8,65,27,3
50376,10,61,29,2
50378,25,35,40,1
50380,11,59,30,2
50382,9,63,28,2
50390,20,39,41,1
50393,7,68,25,3
50394,4,78,18,4
50396,3,85,12,5
50407,9,65,26,3
50411,6,72,22,4
50414,6,68,26,3
50417,12,61,27,2
50424,3,84,13,5
50425,8,62,30,2
50426,13,53,34,2
50438,6,74,20,4
50441,3,85,12,5
50444,10,60,30,2
50454,3,79,18,5
50455,11,64,25,2
50457,8,60,32,2
50464,11,58,31,2
50468,33,35,32,1
50471,8,61,31,3
50481,11,62,27,2
50485,7,71,22,3
50488,5,69,26,3
50492,7,70,23,3
50496,5,78,17,4
50498,4,75,21,4
50503,6,74,20,4
50506,13,57,30,2
50510,4,71,25,4
50512,6,68,26,3
50515,4,74,22,4
50516,7,70,23,3
50517,17,49,34,1
50523,12,54,34,2
50526,19,51,30,1
50528,11,58,31,2
50534,16,50,34,1
50537,4,74,22,4
50541,4,79,17,4
50543,Not Available,Not Available,Not Available,Not Available
50546,Not Available,Not Available,Not Available,Not Available
50549,7,69,24,3
50551,15,51,34,1
50557,5,74,21,4
50561,7,69,24,3
50567,8,74,18,4
50570,13,51,36,1
50573,4,76,20,4
50580,9,59,32,2
50581,14,49,37,1
50586,13,58,29,2
50588,16,56,28,1
50589,10,63,27,2
50590,8,65,27,3
50597,7,63,30,3
50599,7,74,19,4
50603,5,74,21,4
50604,8,62,30,3
50608,15,54,31,1
50609,3,79,18,5
50624,9,66,25,3
50625,6,77,17,4
50633,9,59,32,2
50636,10,61,29,2
50641,16,50,34,1
50663,30,38,32,1
50668,Not Available,Not Available,Not Available,Not Available
50674,5,69,26,3
50677,6,71,23,3
50678,6,71,23,3
50684,23,46,31,1
50686,6,72,22,4
50689,7,66,27,3
50690,3,73,24,4
50696,4,84,12,5
50697,Not Available,Not Available,Not Available,Not Available
50701,12,57,31,2
50704,17,52,31,1
50708,3,89,8,5
50709,12,62,26,2
50710,5,75,20,4
50714,4,89,7,5
50717,5,82,13,5
50723,6,68,26,3
50724,5,76,19,4
50726,4,90,6,Not Available
50735,12,52,36,1
50736,14,59,27,2
50737,9,59,32,2
50738,11,63,26,2
50739,17,50,33,1
50740,11,62,27,2
50744,12,42,46,1
50745,15,46,39,1
50746,16,52,32,1
50747,16,48,36,1
50748,5,70,25,4
50755,16,50,34,1
50757,17,54,29,1
50758,14,60,26,2
50760,4,71,25,4
50761,9,63,28,2
50763,11,52,37,Not Available
50764,10,63,27,2
50765,5,72,23,4
50766,2,90,8,Not Available
50767,4,76,20,4
50769,2,89,9,5
50770,10,66,24,3
50771,34,32,34,1
50772,7,66,27,3
50775,6,72,22,4
50776,23,50,27,1
50777,4,69,27,4
50778,5,73,22,4
50779,8,67,25,3
50780,16,50,34,1
50782,3,84,13,5
50783,30,32,38,Not Available
50784,8,59,33,3
50785,6,76,18,4
50854,Not Available,Not Available,Not Available,Not Available
50855,Not Available,Not Available,Not Available,Not Available
51300,Not Available,Not Available,Not Available,Not Available
51301,0,85,15,5
51302,Not Available,Not Available,Not Available,Not Available
51303,1,92,7,Not Available
51304,Not Available,Not Available,Not Available,Not Available
51305,4,65,31,Not Available
51306,30,35,35,Not Available
51307,Not Available,Not Available,Not Available,Not Available
51308,Not Available,Not Available,Not Available,Not Available
51309,Not Available,Not Available,Not Available,Not Available
51310,3,83,14,5
51311,5,82,13,Not Available
51312,8,75,17,Not Available
51314,8,54,38,Not Available
51315,Not Available,Not Available,Not Available,Not Available
51316,6,61,33,3
51317,11,65,24,3
51318,1,75,24,4
51319,6,70,24,4
51320,7,64,29,3
51321,2,79,19,Not Available
51323,6,49,45,Not Available
51324,3,70,27,Not Available
51325,6,71,23,3
51326,3,70,27,Not Available
51327,Not Available,Not Available,Not Available,Not Available
51328,2,89,9,5
51329,4,70,26,4
51330,2,79,19,Not Available
51331,4,95,1,Not Available
51332,7,70,23,3
51333,Not Available,Not Available,Not Available,Not Available
51334,5,74,21,Not Available
51335,Not Available,Not Available,Not Available,Not Available
51336,8,73,19,Not Available
51337,Not Available,Not Available,Not Available,Not Available
51338,Not Available,Not Available,Not Available,Not Available
51339,Not Available,Not Available,Not Available,Not Available
53300,Not Available,Not Available,Not Available,Not Available
53301,Not Available,Not Available,Not Available,Not Available
53302,Not Available,Not Available,Not Available,Not Available
53303,Not Available,Not Available,Not Available,Not Available
53304,Not Available,Not Available,Not Available,Not Available
53305,Not Available,Not Available,Not Available,Not Available
53306,Not Available,Not Available,Not Available,Not Available
53308,Not Available,Not Available,Not Available,Not Available
53309,Not Available,Not Available,Not Available,Not Available
53311,Not Available,Not Available,Not Available,Not Available
60001,4,66,30,4
60003,11,61,28,2
60004,5,72,23,4
60006,3,76,21,4
60008,9,60,31,2
60009,6,71,23,4
60010,3,76,21,4
60011,6,67,27,3
60012,4,76,20,4
60013,3,72,25,4
60014,3,77,20,4
60015,5,74,21,4
60020,8,66,26,3
60022,6,72,22,4
60023,4,72,24,4
60024,5,77,18,4
60027,4,80,16,5
60028,2,82,16,5
60030,6,70,24,4
60031,6,74,20,4
60032,5,76,19,4
60034,11,62,27,2
60044,9,61,30,2
60049,2,79,19,5
60054,2,83,15,5
60064,4,69,27,4
60065,15,50,35,1
60071,4,69,27,4
60075,3,79,18,5
60076,6,68,26,4
60096,3,83,14,5
60100,8,62,30,2
60103,5,75,20,4
60104,5,74,21,4
60107,Not Available,Not Available,Not Available,Not Available
60112,9,66,25,3
60113,3,77,20,4
60114,6,72,22,4
60116,2,79,19,5
60117,0,90,10,5
60118,3,86,11,5
60119,3,84,13,5
60124,3,85,12,5
60125,3,80,17,5
60126,5,76,19,4
60128,4,79,17,4
60129,6,82,12,Not Available
60130,2,78,20,Not Available
60131,5,77,18,4
60132,5,79,16,4
60133,Not Available,Not Available,Not Available,Not Available
61300,Not Available,Not Available,Not Available,Not Available
61301,2,80,18,5
61302,2,86,12,Not Available
61303,1,79,20,Not Available
61304,Not Available,Not Available,Not Available,Not Available
61305,Not Available,Not Available,Not Available,Not Available
61306,0,77,23,Not Available
61307,Not Available,Not Available,Not Available,Not Available
61308,9,76,15,Not Available
61309,2,92,6,Not Available
61310,6,64,30,Not Available
61311,Not Available,Not Available,Not Available,Not Available
61312,1,70,29,Not Available
61313,0,73,27,Not Available
61314,Not Available,Not Available,Not Available,Not Available
61315,Not Available,Not Available,Not Available,Not Available
61316,5,71,24,Not Available
61317,3,81,16,5
61318,Not Available,Not Available,Not Available,Not Available
61319,Not Available,Not Available,Not Available,Not Available
61320,2,85,13,Not Available
61321,4,81,15,Not Available
61322,3,64,33,3
61323,Not Available,Not Available,Not Available,Not Available
61324,2,84,14,5
61325,1,87,12,5
61326,5,79,16,Not Available
61327,5,72,23,4
61328,Not Available,Not Available,Not Available,Not Available
61336,4,69,27,Not Available
61343,Not Available,Not Available,Not Available,Not Available
61344,8,57,35,2
63301,Not Available,Not Available,Not Available,Not Available
63303,Not Available,Not Available,Not Available,Not Available
70002,11,58,31,2
70003,7,58,35,2
70004,3,74,23,4
70005,11,56,33,2
70006,5,75,20,4
70007,7,63,30,3
70008,9,71,20,3
70010,6,69,25,3
70011,6,59,35,3
70012,3,76,21,Not Available
70016,8,60,32,2
70017,5,76,19,4
70018,5,78,17,4
70020,4,74,22,4
70021,4,67,29,3
70022,7,66,27,3
70024,7,65,28,3
70025,8,66,26,3
70027,11,60,29,2
70028,7,70,23,3
70029,8,63,29,3
70031,4,75,21,4
70033,6,68,26,3
70034,7,66,27,3
70035,10,63,27,2
70036,4,82,14,5
70038,Not Available,Not Available,Not Available,Not Available
70040,Not Available,Not Available,Not Available,Not Available
73300,Not Available,Not Available,Not Available,Not Available
80001,8,65,27,3
80003,13,61,26,2
80004,11,51,38,2
80006,5,64,31,3
80007,6,66,28,3
80009,6,70,24,3
83300,Not Available,Not Available,Not Available,Not Available
90001,10,61,29,2
90003,25,41,34,1
90004,7,68,25,3
90005,5,75,20,4
90008,29,34,37,Not Available
90011,11,58,31,2
93300,Not Available,Not Available,Not Available,Not Available
100001,10,64,26,3
100002,11,61,28,2
100006,7,71,22,4
100007,6,74,20,4
100008,8,76,16,4
100012,6,74,20,4
100014,9,65,26,3
100017,12,59,29,2
100018,9,62,29,3
100019,9,62,29,2
100022,11,66,23,2
100023,10,61,29,2
100025,6,69,25,3
100026,6,71,23,4
100028,11,55,34,2
100029,21,46,33,1
100030,8,69,23,3
100032,9,64,27,3
100034,10,67,23,3
100035,12,52,36,1
100038,10,68,22,3
100039,11,61,28,2
100040,8,69,23,3
100043,4,80,16,5
100044,12,58,30,2
100045,7,66,27,3
100046,7,67,26,3
100047,17,49,34,1
100049,13,60,27,2
100050,12,65,23,2
100051,7,70,23,3
100052,7,65,28,3
100053,13,59,28,2
100054,3,78,19,4
100055,8,68,24,3
100057,6,68,26,3
100062,8,67,25,3
100063,4,77,19,4
100067,4,79,17,4
100068,5,76,19,4
100069,10,68,22,3
100071,15,55,30,1
100072,5,72,23,4
100073,9,65,26,3
100075,4,78,18,4
100077,18,47,35,1
100080,18,52,30,1
100084,9,63,28,3
100086,9,70,21,3
100087,5,77,18,4
100088,4,74,22,4
100090,10,64,26,3
100092,11,57,32,2
100093,6,70,24,3
100099,7,63,30,3
100105,8,57,35,2
100107,16,56,28,1
100109,8,59,33,2
100110,15,59,26,2
100113,4,77,19,4
100117,3,81,16,5
100118,8,66,26,3
100121,4,76,20,4
100122,9,54,37,2
100124,13,58,29,2
100125,4,70,26,4
100126,7,65,28,3
100127,3,82,15,5
100128,8,71,21,3
100130,15,55,30,Not Available
100131,10,67,23,3
100132,9,67,24,3
100134,5,67,28,Not Available
100135,8,64,28,3
100137,10,58,32,2
100140,4,80,16,5
100142,4,67,29,4
100150,8,54,38,2
100151,1,90,9,5
100154,5,75,20,4
100156,11,61,28,2
100157,6,67,27,3
100161,13,60,27,2
100166,7,71,22,3
100167,10,64,26,2
100168,10,62,28,2
100173,8,66,26,3
100175,6,68,26,3
100176,17,53,30,1
100177,6,71,23,4
100179,11,65,24,2
100180,10,65,25,2
100181,12,47,41,Not Available
100183,12,62,26,2
100187,17,50,33,1
100189,17,49,34,1
100191,9,66,25,3
100200,7,66,27,3
100204,10,65,25,2
100206,6,71,23,4
100209,14,61,25,2
100211,9,66,25,3
100212,10,62,28,2
100213,17,51,32,1
100217,10,59,31,2
100220,5,73,22,4
100223,9,60,31,2
100224,15,53,32,1
100226,14,54,32,1
100228,12,59,29,2
100230,7,74,19,4
100231,8,66,26,3
100232,14,55,31,1
100236,15,56,29,1
100238,13,55,32,2
100242,10,61,29,2
100243,11,56,33,2
100244,6,70,24,4
100246,13,59,28,2
100248,12,55,33,1
100249,14,52,34,1
100252,4,68,28,4
100253,5,78,17,4
100254,10,62,28,2
100256,12,59,29,2
100258,24,42,34,1
100259,10,56,34,2
100260,9,63,28,3
100264,12,58,30,2
100265,4,79,17,4
100266,3,81,16,5
100267,8,67,25,3
100268,20,47,33,1
100269,10,61,29,2
100275,17,52,31,1
100276,8,66,26,3
100277,Not Available,Not Available,Not Available,Not Available
100281,7,74,19,4
100284,7,63,30,3
100285,6,78,16,4
100286,9,64,27,2
100287,14,56,30,2
100288,13,59,28,2
100289,6,76,18,4
100290,15,51,34,1
100291,8,65,27,3
100292,5,80,15,5
100296,8,73,19,3
100298,Not Available,Not Available,Not Available,Not Available
100299,9,66,25,3
100302,12,60,28,2
100307,8,66,26,3
100313,2,92,6,Not Available
100314,6,76,18,4
100315,4,79,17,4
100316,9,68,23,3
100319,5,76,19,4
100320,12,65,23,2
100321,7,72,21,4
100329,6,74,20,4
100330,12,73,15,3
100350,5,79,16,4
100359,3,83,14,5
100360,9,73,18,3
100361,6,82,12,4
100362,Not Available,Not Available,Not Available,Not Available
100363,Not Available,Not Available,Not Available,Not Available
101300,Not Available,Not Available,Not Available,Not Available
101303,0,89,11,Not Available
101304,Not Available,Not Available,Not Available,Not Available
101305,Not Available,Not Available,Not Available,Not Available
101307,Not Available,Not Available,Not Available,Not Available
101308,9,60,31,Not Available
101309,4,66,30,Not Available
101311,2,84,14,Not Available
101312,Not Available,Not Available,Not Available,Not Available
101313,4,84,12,Not Available
101314,Not Available,Not Available,Not Available,Not Available
101315,Not Available,Not Available,Not Available,Not Available
103300,Not Available,Not Available,Not Available,Not Available
103301,Not Available,Not Available,Not Available,Not Available
103304,Not Available,Not Available,Not Available,Not Available
110001,8,63,29,3
110002,5,69,26,4
110003,7,59,34,2
110005,4,80,16,4
110006,7,75,18,4
110007,10,53,37,2
110008,3,86,11,5
110010,4,76,20,4
110011,5,73,22,4
110015,3,76,21,4
110016,4,72,24,4
110018,9,57,34,2
110023,6,72,22,4
110024,7,66,27,3
110025,7,57,36,2
110027,4,71,25,4
110028,9,64,27,2
110029,8,67,25,3
110030,12,56,32,2
110031,14,52,34,1
110032,12,68,20,3
110034,8,63,29,3
110035,10,62,28,2
110036,11,60,29,2
110038,6,66,28,3
110041,6,65,29,3
110042,2,77,21,4
110043,4,76,20,4
110044,7,61,32,2
110045,5,68,27,4
110046,6,66,28,3
110050,2,74,24,Not Available
110051,3,79,18,5
110054,8,67,25,3
110064,10,62,28,2
110069,9,61,30,2
110071,Not Available,Not Available,Not Available,Not Available
110073,6,58,36,3
110074,4,75,21,4
110075,5,64,31,3
110076,13,57,30,2
110078,10,65,25,3
110079,9,68,23,3
110082,8,73,19,3
110083,5,75,20,4
110086,2,58,40,Not Available
110087,7,69,24,3
110089,11,60,29,2
110091,11,56,33,2
110092,3,71,26,4
110095,6,68,26,3
110100,8,60,32,Not Available
110101,1,83,16,Not Available
110104,5,67,28,3
110105,4,74,22,4
110107,10,61,29,2
110109,5,66,29,3
110111,5,73,22,4
110113,5,81,14,Not Available
110121,5,76,19,Not Available
110122,7,60,33,3
110124,6,63,31,3
110125,4,70,26,4
110128,3,72,25,4
110129,8,66,26,3
110132,17,44,39,Not Available
110135,7,57,36,Not Available
110142,3,72,25,4
110143,11,60,29,2
110146,8,64,28,3
110150,11,56,33,2
110153,Not Available,Not Available,Not Available,Not Available
110161,5,76,19,4
110164,5,71,24,4
110165,22,45,33,1
110168,6,73,21,4
110177,8,67,25,3
110184,8,63,29,3
110190,Not Available,Not Available,Not Available,Not Available
110191,14,49,37,1
110192,11,56,33,2
110194,6,60,34,Not Available
110198,13,55,32,2
110200,3,79,18,4
110201,6,71,23,4
110209,Not Available,Not Available,Not Available,Not Available
110215,4,70,26,4
110225,7,70,23,3
110226,9,66,25,3
110229,8,66,26,3
110230,6,72,22,4
110233,4,85,11,5
110234,Not Available,Not Available,Not Available,Not Available
110236,2,88,10,Not Available
110237,6,73,21,4
110252,4,71,25,4
111302,Not Available,Not Available,Not Available,Not Available
111303,Not Available,Not Available,Not Available,Not Available
111304,2,90,8,5
111305,Not Available,Not Available,Not Available,Not Available
111306,6,62,32,Not Available
111308,0,65,35,Not Available
111310,2,77,21,5
111311,Not Available,Not Available,Not Available,Not Available
111312,Not Available,Not Available,Not Available,Not Available
111313,Not Available,Not Available,Not Available,Not Available
111314,16,53,31,Not Available
111316,Not Available,Not Available,Not Available,Not Available
111318,3,78,19,Not Available
111319,4,84,12,Not Available
111320,0,97,3,Not Available
111323,4,85,11,5
111324,6,79,15,Not Available
111325,2,78,20,Not Available
111326,7,80,13,Not Available
111327,6,78,16,4
111328,Not Available,Not Available,Not Available,Not Available
111329,1,81,18,5
111330,0,90,10,Not Available
111331,2,87,11,Not Available
111332,Not Available,Not Available,Not Available,Not Available
111333,0,84,16,Not Available
111334,4,75,21,Not Available
111335,10,60,30,Not Available
111336,Not Available,Not Available,Not Available,Not Available
111337,6,66,28,3
113300,Not Available,Not Available,Not Available,Not Available
113301,Not Available,Not Available,Not Available,Not Available
120001,5,74,21,4
120002,7,61,32,3
120004,16,59,25,2
120005,7,64,29,3
120006,4,78,18,4
120007,8,58,34,2
120011,4,79,17,5
120014,4,75,21,4
120019,11,56,33,2
120022,2,75,23,4
120026,4,75,21,4
120028,2,77,21,4
121300,5,65,30,Not Available
121301,Not Available,Not Available,Not Available,Not Available
121302,Not Available,Not Available,Not Available,Not Available
121303,Not Available,Not Available,Not Available,Not Available
121304,8,59,33,Not Available
121305,Not Available,Not Available,Not Available,Not Available
121306,Not Available,Not Available,Not Available,Not Available
121307,Not Available,Not Available,Not Available,Not Available
121308,Not Available,Not Available,Not Available,Not Available
123300,Not Available,Not Available,Not Available,Not Available
123301,Not Available,Not Available,Not Available,Not Available
130002,4,65,31,3
130003,9,58,33,2
130006,4,76,20,4
130007,4,74,22,4
130013,4,73,23,4
130014,4,73,23,4
130018,8,63,29,3
130025,2,64,34,4
130028,7,61,32,3
130049,5,71,24,4
130063,2,93,5,5
130065,3,81,16,5
130066,2,89,9,5
130071,2,83,15,5
130073,4,85,11,Not Available
130074,4,83,13,5
131301,9,76,15,Not Available
131302,2,86,12,Not Available
131303,Not Available,Not Available,Not Available,Not Available
131304,Not Available,Not Available,Not Available,Not Available
131305,5,64,31,Not Available
131307,2,73,25,Not Available
131308,Not Available,Not Available,Not Available,Not Available
131309,12,59,29,Not Available
131310,2,77,21,Not Available
131311,3,73,24,Not Available
131312,3,77,20,Not Available
131313,Not Available,Not Available,Not Available,Not Available
131314,5,76,19,Not Available
131315,0,80,20,Not Available
131316,0,77,23,Not Available
131317,Not Available,Not Available,Not Available,Not Available
131318,3,74,23,Not Available
131319,0,87,13,Not Available
131320,5,66,29,Not Available
131321,0,80,20,Not Available
131322,2,70,28,4
131323,3,81,16,5
131324,Not Available,Not Available,Not Available,Not Available
131325,7,68,25,3
131326,5,60,35,3
131327,1,71,28,4
131328,8,57,35,2
140001,6,64,30,3
140002,4,73,23,4
140007,12,52,36,2
140008,11,55,34,2
140010,5,73,22,4
140011,6,72,22,4
140012,7,60,33,3
140013,8,65,27,3
140015,4,65,31,3
140018,15,45,40,1
140029,6,70,24,3
140030,3,75,22,4
140032,2,59,39,3
140034,5,58,37,3
140043,6,64,30,3
140046,6,69,25,3
140048,10,54,36,2
140049,20,45,35,1
140052,5,71,24,4
140053,7,68,25,3
140054,7,58,35,2
140059,2,71,27,4
140062,7,63,30,3
140063,8,62,30,2
140064,6,63,31,3
140065,6,69,25,3
140067,7,65,28,3
140068,26,40,34,1
140077,5,50,45,Not Available
140080,10,61,29,2
140082,16,53,31,1
140083,26,46,28,Not Available
140084,16,44,40,1
140088,6,74,20,4
140089,4,55,41,2
140091,4,69,27,4
140093,12,50,38,1
140095,10,56,34,2
140100,0,94,6,Not Available
140101,4,73,23,4
140103,17,38,45,Not Available
140110,5,63,32,3
140113,5,69,26,3
140114,10,62,28,2
140115,14,63,23,2
140116,6,71,23,4
140117,7,63,30,3
140119,4,79,17,4
140120,9,53,38,2
140122,6,68,26,3
140124,7,65,28,3
140125,22,39,39,1
140127,3,72,25,4
140130,4,77,19,4
140133,21,37,42,1
140135,8,58,34,2
140137,6,56,38,Not Available
140145,1,69,30,4
140147,4,63,33,3
140148,4,70,26,4
140150,8,64,28,3
140155,3,73,24,4
140158,15,54,31,1
140160,4,57,39,3
140161,9,64,27,3
140162,6,65,29,3
140164,6,68,26,3
140166,9,56,35,2
140172,8,54,38,2
140174,6,64,30,3
140177,43,31,26,Not Available
140179,7,67,26,3
140180,7,64,29,3
140181,35,34,31,Not Available
140182,7,66,27,3
140184,13,54,33,1
140185,4,72,24,4
140186,5,70,25,4
140187,3,78,19,4
140189,4,70,26,4
140191,20,41,39,1
140197,Not Available,Not Available,Not Available,Not Available
140200,4,77,19,4
140202,5,69,26,3
140206,16,47,37,1
140208,7,64,29,3
140209,8,63,29,3
140210,5,69,26,Not Available
140211,2,80,18,5
140213,4,74,22,4
140217,9,59,32,2
140223,7,70,23,3
140224,5,67,28,4
140228,5,67,28,3
140231,4,74,22,4
140233,6,67,27,3
140239,9,62,29,2
140242,4,81,15,5
140251,39,31,30,1
140252,7,68,25,3
140258,7,64,29,3
140275,10,56,34,2
140276,9,63,28,3
140280,9,57,34,2
140281,3,81,16,5
140286,5,70,25,4
140288,4,71,25,4
140289,6,74,20,4
140290,6,64,30,3
140291,4,74,22,4
140292,15,51,34,1
140294,3,77,20,4
140300,11,63,26,Not Available
140304,10,62,28,2
140308,Not Available,Not Available,Not Available,Not Available
141300,Not Available,Not Available,Not Available,Not Available
141301,1,89,10,Not Available
141302,1,92,7,5
141303,3,69,28,Not Available
141304,Not Available,Not Available,Not Available,Not Available
141305,1,85,14,5
141306,11,76,13,Not Available
141307,4,76,20,Not Available
141308,5,67,28,Not Available
141309,1,88,11,Not Available
141310,6,74,20,4
141311,6,57,37,Not Available
141312,0,75,25,Not Available
141313,Not Available,Not Available,Not Available,Not Available
141315,2,72,26,4
141316,2,78,20,5
141317,2,82,16,5
141318,2,74,24,Not Available
141319,2,71,27,4
141320,3,70,27,4
141321,Not Available,Not Available,Not Available,Not Available
141322,4,81,15,5
141323,2,89,9,Not Available
141324,0,89,11,Not Available
141325,0,79,21,Not Available
141326,2,71,27,Not Available
141327,1,88,11,5
141328,2,82,16,Not Available
141329,Not Available,Not Available,Not Available,Not Available
141330,Not Available,Not Available,Not Available,Not Available
141331,0,83,17,Not Available
141332,2,71,27,Not Available
141333,Not Available,Not Available,Not Available,Not Available
141334,4,76,20,Not Available
141335,6,71,23,Not Available
141336,2,77,21,5
141337,5,66,29,3
141338,0,84,16,Not Available
141339,0,89,11,Not Available
141340,2,73,25,Not Available
141341,2,76,22,Not Available
141342,6,58,36,Not Available
141343,1,66,33,4
141344,0,74,26,Not Available
141345,5,75,20,Not Available
141346,2,69,29,Not Available
141347,1,83,16,Not Available
141348,2,77,21,4
141349,0,73,27,Not Available
141350,1,69,30,4
141351,2,61,37,3
141352,Not Available,Not Available,Not Available,Not Available
141353,Not Available,Not Available,Not Available,Not Available
141354,Not Available,Not Available,Not Available,Not Available
143300,Not Available,Not Available,Not Available,Not Available
143301,Not Available,Not Available,Not Available,Not Available
143302,Not Available,Not Available,Not Available,Not Available
150001,3,71,26,4
150002,13,50,37,1
150005,2,83,15,5
150006,6,66,28,3
150007,2,74,24,4
150008,7,60,33,3
150009,12,54,34,2
150010,6,71,23,4
150011,7,56,37,2
150012,7,64,29,3
150015,4,70,26,4
150017,8,61,31,2
150018,6,62,32,3
150021,2,77,21,5
150022,3,66,31,3
150023,6,63,31,3
150024,5,72,23,4
150026,3,75,22,4
150030,6,71,23,4
150034,6,72,22,4
150035,10,55,35,2
150037,4,75,21,4
150042,5,66,29,3
150044,5,70,25,4
150045,3,65,32,4
150046,7,64,29,3
150047,4,78,18,4
150048,7,61,32,3
150051,8,63,29,3
150056,10,64,26,2
150057,5,76,19,4
150058,4,74,22,4
150059,4,76,20,4
150061,4,63,33,3
150065,6,72,22,4
150069,4,66,30,3
150072,4,72,24,4
150074,3,77,20,4
150075,4,68,28,3
150076,7,67,26,3
150082,5,71,24,4
150084,8,67,25,3
150086,2,71,27,4
150088,6,66,28,3
150089,8,57,35,2
150090,9,60,31,2
150091,5,67,28,4
150097,6,68,26,3
150100,5,74,21,4
150101,3,80,17,5
150102,3,67,30,Not Available
150104,2,70,28,4
150109,5,76,19,4
150112,6,65,29,3
150113,4,77,19,4
150115,2,77,21,4
150125,5,69,26,3
150126,7,66,27,3
150128,5,72,23,4
150133,7,63,30,3
150146,5,68,27,4
150149,2,86,12,5
150150,4,73,23,4
150153,2,87,11,5
150157,6,73,21,4
150158,5,74,21,4
150160,2,91,7,5
150161,4,72,24,4
150162,5,76,19,4
150165,3,76,21,4
150166,3,80,17,5
150167,2,82,16,5
150168,3,73,24,4
150169,3,77,20,4
150172,3,85,12,Not Available
150173,6,69,25,3
150177,3,85,12,Not Available
150179,Not Available,Not Available,Not Available,Not Available
150181,3,78,19,5
150183,4,79,17,4
150191,Not Available,Not Available,Not Available,Not Available
150193,3,85,12,5
151300,3,75,22,4
151301,Not Available,Not Available,Not Available,Not Available
151303,Not Available,Not Available,Not Available,Not Available
151304,0,78,22,Not Available
151305,6,70,24,Not Available
151306,Not Available,Not Available,Not Available,Not Available
151307,Not Available,Not Available,Not Available,Not Available
151308,Not Available,Not Available,Not Available,Not Available
151309,Not Available,Not Available,Not Available,Not Available
151310,1,76,23,5
151311,Not Available,Not Available,Not Available,Not Available
151312,Not Available,Not Available,Not Available,Not Available
151313,2,74,24,Not Available
151314,Not Available,Not Available,Not Available,Not Available
151315,4,72,24,4
151316,Not Available,Not Available,Not Available,Not Available
151317,1,74,25,4
151318,8,64,28,3
151319,1,54,45,Not Available
151320,Not Available,Not Available,Not Available,Not Available
151322,4,63,33,3
151323,1,85,14,5
151324,8,65,27,Not Available
151325,Not Available,Not Available,Not Available,Not Available
151326,Not Available,Not Available,Not Available,Not Available
151327,0,75,25,Not Available
151328,Not Available,Not Available,Not Available,Not Available
151329,4,66,30,3
151330,1,69,30,4
151331,3,75,22,4
151332,3,65,32,3
151333,6,69,25,Not Available
151334,9,55,36,Not Available
160001,6,68,26,3
160005,Not Available,Not Available,Not Available,Not Available
160013,3,55,42,2
160016,6,58,36,2
160028,5,65,30,3
160029,5,70,25,4
160030,2,81,17,5
160032,6,59,35,2
160033,7,62,31,3
160040,3,73,24,4
160045,2,77,21,4
160047,3,77,20,4
160057,6,54,40,2
160058,5,72,23,4
160064,4,61,35,3
160067,8,66,26,3
160069,3,75,22,4
160079,4,75,21,4
160080,3,61,36,3
160082,5,72,23,4
160083,7,60,33,2
160089,21,33,46,1
160101,5,78,17,4
160104,6,66,28,3
160110,3,72,25,4
160112,3,79,18,4
160117,3,71,26,4
160124,1,78,21,5
160146,6,65,29,3
160147,3,73,24,4
160153,12,52,36,2
161300,Not Available,Not Available,Not Available,Not Available
161301,1,88,11,5
161302,3,87,10,5
161303,0,93,7,Not Available
161304,0,95,5,Not Available
161305,Not Available,Not Available,Not Available,Not Available
161306,0,94,6,5
161307,2,83,15,Not Available
161308,2,92,6,Not Available
161309,7,71,22,Not Available
161310,2,76,22,Not Available
161311,0,76,24,Not Available
161312,2,91,7,Not Available
161313,Not Available,Not Available,Not Available,Not Available
161314,3,72,25,Not Available
161315,Not Available,Not Available,Not Available,Not Available
161316,1,79,20,Not Available
161317,0,85,15,5
161318,0,92,8,Not Available
161319,3,81,16,Not Available
161320,Not Available,Not Available,Not Available,Not Available
161321,Not Available,Not Available,Not Available,Not Available
161322,Not Available,Not Available,Not Available,Not Available
161323,2,84,14,Not Available
161324,Not Available,Not Available,Not Available,Not Available
161325,0,66,34,Not Available
161326,1,94,5,Not Available
161327,0,79,21,Not Available
161328,1,67,32,Not Available
161329,2,80,18,Not Available
161330,Not Available,Not Available,Not Available,Not Available
161331,1,62,37,Not Available
161332,Not Available,Not Available,Not Available,Not Available
161333,Not Available,Not Available,Not Available,Not Available
161334,3,81,16,Not Available
161335,3,76,21,Not Available
161336,0,91,9,Not Available
161337,2,78,20,Not Available
161338,5,68,27,Not Available
161339,3,78,19,4
161340,0,75,25,Not Available
161341,0,76,24,Not Available
161342,Not Available,Not Available,Not Available,Not Available
161343,3,80,17,5
161344,1,78,21,Not Available
161345,Not Available,Not Available,Not Available,Not Available
161346,1,79,20,5
161347,2,75,23,Not Available
161348,1,77,22,Not Available
161349,3,75,22,5
161350,1,81,18,Not Available
161351,2,78,20,Not Available
161352,1,73,26,Not Available
161353,2,78,20,5
161354,Not Available,Not Available,Not Available,Not Available
161355,1,83,16,Not Available
161356,3,70,27,Not Available
161357,3,60,37,Not Available
161358,0,87,13,Not Available
161359,5,74,21,Not Available
161360,1,94,5,5
161361,2,74,24,Not Available
161362,6,71,23,4
161363,4,68,28,Not Available
161364,4,66,30,3
161365,4,70,26,4
161366,2,75,23,Not Available
161367,2,81,17,5
161368,2,79,19,5
161369,3,64,33,3
161370,Not Available,Not Available,Not Available,Not Available
161371,1,82,17,5
161372,1,69,30,Not Available
161373,0,85,15,Not Available
161374,0,71,29,4
161375,5,81,14,4
161376,3,74,23,4
161377,4,68,28,Not Available
161378,Not Available,Not Available,Not Available,Not Available
161379,3,76,21,4
161380,2,63,35,Not Available
161381,2,60,38,Not Available
170006,5,64,31,3
170009,5,63,32,3
170012,5,66,29,3
170013,3,71,26,4
170014,9,53,38,2
170016,8,68,24,3
170017,5,64,31,Not Available
170020,6,57,37,2
170023,10,54,36,2
170027,3,84,13,5
170040,2,83,15,5
170049,5,70,25,4
170068,9,48,43,2
170074,2,69,29,4
170086,2,73,25,4
170103,3,73,24,4
170104,5,73,22,4
170105,6,69,25,4
170109,3,76,21,4
170110,Not Available,Not Available,Not Available,Not Available
170120,5,69,26,3
170122,6,66,28,3
170123,9,62,29,2
170137,4,71,25,4
170142,6,69,25,3
170146,5,66,29,3
170175,10,44,46,1
170176,10,64,26,3
170182,8,75,17,4
170183,3,84,13,5
170185,3,78,19,4
170186,1,90,9,5
170187,2,94,4,5
170188,2,94,4,5
170190,1,89,10,5
170191,6,61,33,3
170194,2,73,25,Not Available
170196,4,79,17,5
170197,6,77,17,4
170198,5,80,15,Not Available
170199,0,75,25,Not Available
170200,3,77,20,5
170203,1,94,5,5
170204,2,90,8,5
171300,Not Available,Not Available,Not Available,Not Available
171301,Not Available,Not Available,Not Available,Not Available
171303,Not Available,Not Available,Not Available,Not Available
171304,Not Available,Not Available,Not Available,Not Available
171306,Not Available,Not Available,Not Available,Not Available
171307,Not Available,Not Available,Not Available,Not Available
171308,Not Available,Not Available,Not Available,Not Available
171309,Not Available,Not Available,Not Available,Not Available
171310,Not Available,Not Available,Not Available,Not Available
171311,4,75,21,Not Available
171312,Not Available,Not Available,Not Available,Not Available
171313,1,79,20,Not Available
171314,Not Available,Not Available,Not Available,Not Available
171315,0,93,7,Not Available
171316,3,78,19,Not Available
171317,Not Available,Not Available,Not Available,Not Available
171318,7,56,37,Not Available
171319,0,84,16,Not Available
171321,1,83,16,Not Available
171322,Not Available,Not Available,Not Available,Not Available
171323,Not Available,Not Available,Not Available,Not Available
171324,Not Available,Not Available,Not Available,Not Available
171325,Not Available,Not Available,Not Available,Not Available
171326,3,77,20,Not Available
